1 3
1 4
1 5
1 6
1 7
1 8
1 9
1 10
1 11
1 13
1 14
1 15
1 16
1 17
1 18
1 19
1 20
1 21
1 22
2 12
2 16
2 18
2 20
2 22
3 1
3 2
3 5
3 6
3 7
3 8
3 9
3 10
3 11
3 12
3 15
3 16
3 17
3 18
3 19
3 20
3 21
3 22
4 12
4 14
4 18
4 20
4 22
5 1
5 2
5 3
5 4
5 7
5 8
5 9
5 10
5 11
5 12
5 13
5 14
5 17
5 18
5 19
5 20
5 21
5 22
6 12
6 14
6 16
6 20
6 22
7 1
7 2
7 3
7 4
7 5
7 6
7 9
7 10
7 11
7 12
7 13
7 14
7 15
7 16
7 19
7 20
7 21
7 22
8 12
8 14
8 16
8 18
8 22
9 1
9 2
9 3
9 4
9 5
9 6
9 7
9 8
9 11
9 12
9 13
9 14
9 15
9 16
9 17
9 18
9 21
9 22
10 12
10 14
10 16
10 18
10 20
11 1
11 2
11 3
11 4
11 5
11 6
11 7
11 8
11 9
11 10
11 12
11 13
11 14
11 15
11 16
11 17
11 18
11 19
11 20
12 14
12 16
12 18
12 20
12 22
13 14
13 16
13 18
13 20
13 22
14 12
14 16
14 18
14 20
14 22
15 12
15 16
15 18
15 20
15 22
16 12
16 14
16 18
16 20
16 22
17 12
17 14
17 18
17 20
17 22
18 12
18 14
18 16
18 20
18 22
19 12
19 14
19 16
19 20
19 22
20 12
20 14
20 16
20 18
20 22
21 12
21 14
21 16
21 18
21 22
22 12
22 14
22 16
22 18
22 20