1 13
1 15
1 17
2 1
2 4
2 5
2 12
2 13
2 6
2 7
2 14
2 15
2 8
2 9
2 16
2 17
2 18
3 11
3 15
3 17
4 1
4 2
4 3
4 10
4 11
4 6
4 7
4 14
4 15
4 8
4 9
4 16
4 17
4 18
5 11
5 13
5 17
6 1
6 2
6 3
6 10
6 11
6 4
6 5
6 12
6 13
6 8
6 9
6 16
6 17
6 18
7 11
7 13
7 15
8 1
8 2
8 3
8 10
8 11
8 4
8 5
8 12
8 13
8 6
8 7
8 14
8 15
8 18
9 11
9 13
9 15
9 17
10 11
10 13
10 15
10 17
11 13
11 15
11 17
12 13
12 15
12 17
13 11
13 15
13 17
14 11
14 15 
14 17
15 11
15 13
15 17
16 11
16 13
16 17
17 11
17 13
17 15
18 11
18 13
18 15